[milestones.jpg]
filters=unsharp2=1,1.684211;Lomo=1,54.970760,11.111112;
moddate=0000f01d0cce0000
width=1920
height=883
textactive=0
